-64
0
0
0
0
-192
0
192
64
-192
-64
-64
0
0
64
0
64
-64
64
-64
-64
64
-64
-64
64
-192
-192
128
192
-256
-192
-64
-64
-64
0
64
-64
0
64
-64
0
0
-128
0
0
64
-64
64
-64
-64
-64
64
-128
128
0
-256
128
-128
64
128
192
512
2752
2880
1664
-3456
-3584
-640
3904
3264
-768
-2816
-384
3008
2688
-3712
-5248
-192
4160
2944
-704
-2496
-832
3584
2880
-3968
-4736
-1536
3648
5312
640
-3008
-2752
2432
-8320
-3136
2816
6656
1728
-3072
-2752
1024
4800
1472
-8128
-5696
0
3648
8640
-2496
-3712
0
3584
2048
-5760
-4992
896
6400
3584
-2624
-3712
64
7168
-2368
-2752
5376
-320
-2240
-1600
3840
256
-3584
-3456
64
4032
3328
-2944
-2880
384
4864
1856
-5696
-4160
64
5568
2688
-1600
-3584
128
7296
3264
-7808
-7872
-2304
5568
-448
-3136
1088
5888
1408
-6784
-6336
64
8064
3072
-2688
-4352
128
5056
3264
-3840
-7872
-1728
3520
8704
-2112
-4224
-1728
2880
4928
-3520
-5504
-1408
3456
5760
-1152
-1152
2240
-3776
-2560
-64
2432
1920
-1664
-2560
1216
2112
768
-3008
-1920
-192
1472
2816
-640
-2048
768
2432
-576
-1408
-2240
-768
832
3008
1088
-1664
-1856
1408
-576
-2880
-64
3712
4160
-832
-4032
-320
3648
192
-3776
-2368
256
1984
1984
768
-2240
-384
-64
2496
-1920
-2496
-768
1600
2496
64
-1472
-192
1408
768
-1408
-768
1600
-640
-1280
448
1024
1088
-1280
-1920
-896
1792
448
-320
-768
-704
1792
768
-896
-1856
-576
2560
0
-512
-320
1152
-512
-256
-1344
-1088
256
-192
320
1088
-128
-576
-448
384
-448
4224
-3200
-1664
1792
-1024
-704
1856
-768
-192
384
960
-512
-2112
-192
832
-320
1728
-320
-320
1152
-3200
1088
1216
1536
-640
-4608
1536
8512
1344
-3840
-3136
1728
4544
-2688
-2624
-4608
-1600
3904
8064
-1472
-4288
-832
2304
4992
-2944
-6400
-2112
3264
6080
640
-2944
-2112
1984
4928
2048
-8320
-64
3712
6848
5632
-512
-4544
-512
4096
5120
-3200
-9152
-4864
4928
7424
3840
-2688
-6464
256
4416
6400
-1920
-9472
-6400
2944
8512
5760
-2944
-5632
448
4736
-4672
-1536
2944
8512
-256
-4480
-1920
3200
4224
128
-7296
-6144
768
7808
6720
-2496
-6592
448
5696
1920
-3968
-8448
-3712
2688
9536
2880
-2624
-3584
1024
3840
640
-7040
7616
7488
-1792
-6656
-960
4864
2432
-3200
-7808
-3456
1792
9920
-128
-5248
-1664
3776
2944
64
-5888
-6400
-448
6144
9472
1280
-8000
-1600
2496
4352
-2368
-7104
2880
-4096
-3648
-512
2624
3584
-3328
-6144
-1280
3008
7040
-128
-3456
-960
896
1408
-2112
-1728
-64
1728
704
-832
-704
1344
2048
-2752
-2240
-320
3008
1984
-768
5376
-5824
2496
4224
-4608
-2368
8960
-2688
-7744
-1152
10240
3648
-9856
-2880
9664
-1920
-5312
4928
5952
-10752
-3072
7552
2240
-4480
-3392
4224
4288
-6016
-3008
1024
832
-2816
-576
-576
-576
-192
-1152
-1088
-320
-832
256
128
-64
128
64
320
128
64
192
-128
-128
0
-64
-192
-64
64
-64
-64
0
-64
-64
64
