0
0
64
64
-192
-384
64
384
64
0
-320
256
-64
128
0
-64
0
-64
64
0
64
-64
-320
320
-256
192
-448
-64
-320
-256
-896
0
64
-192
-64
256
-64
-64
128
64
-128
64
-64
0
-64
0
-192
64
-64
0
-64
-64
128
-128
256
-256
-192
192
128
256
192
0
-3072
1344
1664
704
1024
448
-576
-4096
2176
-2432
-1280
2048
2816
1088
256
448
-1536
-3008
256
-1792
-896
896
2560
1856
-448
1408
-704
-2560
-832
-960
-1088
-320
448
512
-4416
1216
-8256
4992
-1600
448
192
1728
3200
1856
-576
-448
-2240
1152
-1920
-2816
-960
1280
6592
192
896
-3328
-4800
3200
-2816
-2176
2880
2048
2112
-2432
-4032
1472
-2048
384
2944
2880
1088
832
-1408
-7232
2624
-2432
896
192
2688
2624
1024
64
-2880
-3904
1728
-2560
-1856
2048
-1408
6528
2944
-320
-2112
-9024
-1792
2560
-192
2880
4480
1024
192
-3328
-9088
4352
-1664
256
-1472
3264
3264
3648
-896
-2496
-2688
64
-832
-1280
-320
2816
1856
2624
320
-1920
-2816
-2496
-128
768
2368
2048
1472
-1344
-4416
-2368
-896
192
2880
2432
1728
1280
256
-1600
-3712
-2304
-960
-128
1920
2752
2176
1536
64
-576
-1920
-3520
64
-576
-1408
3008
2112
-320
-448
-2752
-3008
-256
-896
-1344
5056
448
1984
640
-448
-3328
-5184
2560
-960
768
2304
2048
768
1216
-896
-2432
-1920
-512
512
832
1472
1792
-64
-1216
-1344
-704
-576
1472
576
1920
1280
-832
-1600
-1344
-2880
704
-704
1152
1728
1728
896
64
-2176
-2304
-384
384
-192
2048
2240
-320
-1856
-6272
1728
128
2752
-448
-1280
-640
-512
-576
5184
-1728
-1280
256
-896
2432
-1152
1088
-1856
-640
2688
-1152
64
-1024
-1728
2560
-768
640
-448
832
-1152
0
-1344
-1984
1472
1984
576
-2560
-12800
6656
-2880
1536
192
10944
-5056
2880
576
-1408
-3904
-832
-1472
-1472
-1088
1088
2880
3648
1088
-1280
-4032
-384
-1472
-1216
-1152
640
-4288
4224
128
2240
-5696
-6528
3520
256
64
-4672
1728
2496
9728
-1024
832
-3968
-13120
8832
-3776
1664
-2240
3584
3520
3008
4864
-1920
-1984
-10624
6848
-2688
-1728
-320
3136
1408
-768
-5568
-2496
-128
-512
-3712
1152
3072
6592
2432
-576
-1024
-7616
4864
-5248
896
-448
-64
4160
5120
-128
-2112
-704
-8768
5120
-4544
-1344
704
448
3136
-2432
-7424
4672
-3840
-128
-1408
576
3072
6016
1600
-3200
-3840
-12480
5056
704
-2176
1856
960
6720
4032
3328
-1600
-14464
12992
-6656
-1280
-2496
1088
2880
6464
-1088
-3520
64
-2688
256
448
4480
4672
-896
-1984
-896
-4096
256
384
-128
1664
2432
1664
-320
-1472
-2816
-768
-512
-1280
1600
3008
2048
1152
-1728
-2880
-1088
-512
576
1152
-5568
-7936
-7808
896
8000
13184
2688
-7040
-7488
-6080
-5440
1792
9344
14848
-960
-16256
-8128
640
1216
7552
11328
2816
-3840
-8896
-4480
2240
3456
2944
576
-2752
-192
-256
448
0
320
0
-832
1152
-320
-576
576
-192
-64
-256
-192
64
64
-64
0
-192
-64
0
-64
-64
-192
0
128
0
-64
