-16256
-16000
-15936
-16064
-16384
-16832
-16384
-16448
-16320
-17088
-16960
-17024
-16960
-16832
-16896
-17024
-16832
-16896
-17088
-16768
-17344
-16960
-16448
-17472
-16576
-15552
-16384
-15936
-16000
-16192
-16576
-16704
-16960
-16448
-16832
-16640
-16576
-16896
-16640
-17024
-16640
-16704
-16768
-16640
-16448
-16640
-16640
-16640
-16640
-16768
-16512
-16640
-17216
-16128
-16640
-16832
-16320
-16704
-16448
-16960
-16832
-17088
-16768
-15936
-13952
-16640
-13952
-13248
-15552
-20288
-20032
-16704
-15680
-19008
-19840
-18048
-13696
-12352
-14784
-19840
-18944
-16960
-16000
-18496
-21376
-18368
-15104
-12736
-14528
-18624
-19456
-19328
-16128
-17216
-16320
-12800
-12416
-18752
-21376
-22080
-14848
-15104
-17664
-21312
-18688
-13632
-10688
-13184
-19200
-17088
-17664
-14592
-18496
-20736
-18944
-14912
-11904
-15296
-19648
-19136
-14784
-13632
-19456
-20544
-14400
-15680
-17664
-18752
-15296
-16064
-17984
-17856
-14656
-12736
-14720
-19392
-20672
-14528
-14016
-15232
-18816
-17536
-13184
-12864
-14784
-19904
-21760
-15168
-13888
-17920
-20736
-20224
-14976
-9408
-12864
-17472
-12544
-13504
-15936
-20544
-17728
-13120
-10368
-13504
-18496
-20736
-12800
-12032
-15104
-19520
-17536
-14528
-9728
-10816
-16640
-16256
-15424
-12096
-13696
-16768
-17920
-16000
-11136
-12352
-15168
-17216
-13184
-18304
-17856
-13888
-10560
-12096
-12928
-14272
-14912
-14144
-15808
-16320
-14464
-11840
-11456
-12672
-14080
-15424
-15296
-13184
-15232
-13952
-13312
-12992
-13120
-14528
-16320
-16192
-17984
-15296
-13888
-15744
-11904
-12352
-13120
-18880
-20352
-19520
-14336
-16512
-16576
-13952
-13248
-14080
-13440
-10048
-12992
-18816
-14656
-14272
-17152
-15296
-13248
-12160
-14016
-16448
-16576
-16384
-15232
-15616
-17088
-16256
-13312
-14464
-15360
-16320
-15680
-16320
-15616
-15360
-13440
-11648
-13056
-14592
-12608
-12224
-14016
-15936
-17792
-16320
-15552
-14720
-18880
-15296
-14912
-13952
-13440
-14272
-13504
-12352
-9728
-13696
-15616
-13056
-11072
-11712
-11520
-11520
-10176
-11584
-19712
-17536
-12352
-15232
-9856
-8256
-16256
-13056
-9984
-10944
-17536
-17792
-12032
-15680
-11584
-9408
-11136
-14720
-12544
-11008
-12096
-14912
-14784
-16448
-14464
-11200
-10304
-13888
-15232
-22272
-12160
-13760
-15424
-4032
-13056
-12928
-10496
-10048
-18304
-18368
-14464
-12992
-14720
-17024
-16512
-13120
-10432
-9792
-13696
-16000
-17600
-15040
-15424
-16320
-17408
-16128
-9216
-8832
-7808
-14144
-16384
-17280
-13440
-14656
-18048
-17024
-14848
-11840
-9408
-11776
-15040
-21056
-11136
-11072
-11264
-17024
-18880
-15680
-11648
-10432
-11776
-16448
-21952
-16192
-15168
-14784
-15424
-11392
-13312
-10368
-17280
-16192
-12352
-15680
-16384
-17216
-15616
-12352
-9856
-10816
-17600
-23872
-14336
-13440
-16384
-18816
-17280
-14912
-10368
-9344
-12928
-19392
-21824
-14144
-14528
-15488
-16064
-12672
-12672
-17536
-23808
-14912
-12928
-14976
-16448
-15872
-14912
-11072
-7808
-9856
-14592
-12992
-10368
-12288
-14016
-14528
-13888
-12032
-9216
-3584
-14400
-22848
-12480
-10880
-11328
-14080
-15744
-14336
-9920
-15616
-14080
-11648
-15616
-18624
-16768
-13184
-10752
-13504
-15424
-19328
-15680
-13120
-14720
-14656
-14208
-12288
-10816
-12032
-13248
-13632
-12992
-13248
-14144
-13568
-11968
-11520
-11136
-14784
-16832
-15104
-15424
-14336
-18240
-16320
-10112
-7808
-16704
-13824
-10688
-10368
-13760
-17920
-10176
-7680
-18624
-17728
-13504
-18432
-9664
-6592
-8448
-17088
-17408
-13824
-11200
-18368
-15872
-12864
-8896
-11136
-13120
-14080
-15232
-16064
-18304
-18944
-17792
-17408
-17664
-17664
-17792
-17792
-17984
-17472
-17344
-17600
-17152
-17024
-17536
-17280
-17152
-17152
-17088
-17152
-16960
-17280
-16832
-16768
-16832
-17024
-16704
